0.048120193866807638
0.048120193866807638
0.048120193866807638
0.048120193866807638
0.048120193866807638
0.048120193866807638
0.048120193866807638
0.048120193866807638
0.048120193866807638
0.048120193866807638
0.0855164080443175
0.085513446437112492
0.085513446437112492
0.0855164080443175
0.0855164080443175
0.085510484829907488
0.085510484829907488
0.085525292865932481
0.085525292865932481
0.085557870545187459
0.022130609839347618
0.022130609839347618
0.022130609839347618
0.022130609839347618
0.022130609839347618
0.022130609839347618
0.022130609839347618
0.022130609839347618
0.022130609839347618
0.022130609839347618
0.089279129998267454
0.089021470171432637
0.089021470171432637
0.089021470171432637
0.089021470171432637
0.089021470171432637
0.089021470171432637
0.089017027760625131
0.089017027760625131
0.089042201421867626
0.040436303973440307
0.040436303973440307
0.040436303973440307
0.040436303973440307
0.040436303973440307
0.040436303973440307
0.040436303973440307
0.040436303973440307
0.040436303973440307
0.040436303973440307
0.085618583492889921
0.085624506707299916
0.085624506707299916
0.085618583492889921
0.085618583492889921
0.085625987510902418
0.085625987510902418
0.085620064296492424
0.085620064296492424
0.085628949118107409
0.02404966008253975
0.02404966008253975
0.02404966008253975
0.02404966008253975
0.02404966008253975
0.02404966008253975
0.02404966008253975
0.02404966008253975
0.02404966008253975
0.02404966008253975
0.078161025068449949
0.078125485887243065
0.078125485887243065
0.0781654674661008
0.0781654674661008
0.078166948265317754
0.078166948265317754
0.078190641052789014
0.078190641052789014
0.078177313859836436
0.022135052250155114
0.022135052250155114
0.022135052250155114
0.022135052250155114
0.022135052250155114
0.022135052250155114
0.022135052250155114
0.022135052250155114
0.022135052250155114
0.022135052250155114
0.075997802487453886
0.075968186415403913
0.075968186415403913
0.075953378379378919
0.075953378379378919
0.075991879273043891
0.075991879273043891
0.076006687309068885
0.076006687309068885
0.076022976148696381
